887276209609
	887276209609
	887276172408
	887276172408
	887276172408
	887276172408
	887276172408
	887276209647
	887276209647
	058465780197
	845226014291
	845226043376
	887276209715
	887276209715
	887276209678
	887276209678
	845226043376
	845226014291
	887276227054
	058465780197
	887276209692
	887276209692
	887276209647
	887276222332
	887276209609
	887276209609
	845226043529
	887276089614
	887276089614
	887276209654
	887276209678
	887276209715
	887276234410
	887276061948
	887276061948
	851401005954
	851401005954
	887276209654
	845226014581
	845226014581
	845226043529
	845226043475
	845226043512
	887276222332
	887276222332
	887276209609
	887276222332
	058465784607
	845226043208
	